-5.210176110267639160e-01
-3.889312446117401123e-01
-7.859672307968139648e-01
-8.060371875762939453e-01
-2.285317897796630859e+00
2.245071172714233398e+00
-3.314782083034515381e-01
2.494358062744140625e+00
4.892718315124511719e+00
-1.764842271804809570e+00
-1.149102687835693359e+00
-8.527555465698242188e-01
-1.299181103706359863e+00
-1.032543420791625977e+00
2.016683816909790039e-01
-1.854996204376220703e+00
-5.961333513259887695e-01
1.792755603790283203e+00
3.692185282707214355e-01
-1.016535043716430664e+00
-1.690409183502197266e+00
-8.752640485763549805e-01
-2.007320880889892578e+00
-3.645000159740447998e-01
-2.778693914413452148e+00
-7.519053816795349121e-01
-1.603981256484985352e-01
2.240701019763946533e-01
-5.600756406784057617e-01
4.013989448547363281e+00
-2.329677343368530273e-01
-4.192344248294830322e-01
1.163640499114990234e+00
-1.554971098899841309e+00
4.025083780288696289e-02
-1.058126926422119141e+00
-1.473036050796508789e+00
-1.221310496330261230e+00
-7.588307857513427734e-01
-6.435598731040954590e-01
-1.692375659942626953e+00
-2.497429370880126953e+00
-2.254875183105468750e+00
-1.537007093429565430e+00
4.799732565879821777e-02
-7.269425988197326660e-01
5.648570060729980469e-01
-6.535878777503967285e-01
-3.023563861846923828e+00
-1.533897995948791504e+00
-9.170515537261962891e-01
-1.004145264625549316e+00
3.187620043754577637e-01
-2.746356248855590820e+00
-6.213330626487731934e-01
-9.519130587577819824e-01
-4.551112651824951172e-01
-9.638984203338623047e-01
-8.526638150215148926e-01
-1.417751431465148926e+00
9.567938446998596191e-01
-2.030340194702148438e+00
-3.161005258560180664e+00
-2.851401567459106445e+00
-1.167387008666992188e+00
-8.765358924865722656e-01
-3.296723365783691406e-01
-2.735388994216918945e+00
-1.453839421272277832e+00
-3.665266275405883789e+00
-2.074372053146362305e+00
2.463053166866302490e-01
-2.488562107086181641e+00
-9.938213825225830078e-01
-1.725361824035644531e+00
-6.053988337516784668e-01
-1.360164880752563477e+00
-1.382309436798095703e+00
2.488796949386596680e+00
1.040648221969604492e+00
-1.083920359611511230e+00
-2.063691616058349609e-02
-7.388418912887573242e-02
-8.087914586067199707e-01
-1.727372407913208008e-01
-5.412571430206298828e-01
-2.297965884208679199e-01
-1.173095107078552246e+00
-1.275775194168090820e+00
1.853941917419433594e+00
-1.874045610427856445e+00
-2.036217927932739258e+00
-2.811143875122070312e+00
-1.865641951560974121e+00
-1.451365470886230469e+00
-2.704365968704223633e+00
-1.495723485946655273e+00
-1.568809032440185547e+00
-2.880746841430664062e+00
-1.033845663070678711e+00
5.742162466049194336e-01
-2.908798933029174805e+00
1.160368919372558594e-01
-2.674577236175537109e+00
3.650133371353149414e+00
-1.173752069473266602e+00
1.020047903060913086e+00
-1.762906908988952637e+00
1.095583081245422363e+00
-3.747807502746582031e+00
-9.736758470535278320e-02
-1.492540359497070312e+00
1.883935570716857910e+00
-6.525565981864929199e-01
1.447660028934478760e-01
2.100691199302673340e-01
-1.920686602592468262e+00
1.229509115219116211e-01
-2.813706696033477783e-01
-2.420561909675598145e-01
-1.304754018783569336e+00
-8.050235509872436523e-01
1.013166427612304688e+00
-3.491784036159515381e-01
4.183573126792907715e-01
-8.603126406669616699e-01
2.129987478256225586e-01
-1.348501324653625488e+00
-3.841992378234863281e+00
2.361783981323242188e-01
-7.291764020919799805e-01
-1.279030799865722656e+00
-6.149563789367675781e-01
-3.028835773468017578e+00
-2.933123588562011719e+00
-2.034776687622070312e+00
-6.622511148452758789e-01
-1.497925519943237305e+00
-3.706884145736694336e+00
-2.350134134292602539e+00
-2.684894084930419922e+00
-2.868736743927001953e+00
-2.301022291183471680e+00
-6.989884376525878906e-01
-2.870053946971893311e-01
-1.715046405792236328e+00
-1.172152042388916016e+00
-2.281369209289550781e+00
-2.207660913467407227e+00
-1.696676373481750488e+00
-2.862064361572265625e+00
5.569948673248291016e+00
6.612927436828613281e+00
3.324777364730834961e+00
4.791095256805419922e+00
4.712665081024169922e-01
4.632662236690521240e-01
5.748777389526367188e+00
1.784044623374938965e+00
2.419602572917938232e-01
-9.506808519363403320e-01
-1.672374248504638672e+00
-1.538292884826660156e+00
-1.440375924110412598e+00
2.942605614662170410e-01
-2.138043165206909180e+00
-6.396270990371704102e-01
-2.637692213058471680e+00
-1.485671997070312500e-01
2.147087574005126953e+00
5.374181866645812988e-01
-1.230599284172058105e+00
-1.530365228652954102e+00
4.115168452262878418e-01
4.812030792236328125e+00
1.978974640369415283e-01
-1.956168055534362793e+00
-1.250168442726135254e+00
-4.835159480571746826e-01
1.464509367942810059e+00
2.509738922119140625e+00
-2.452421903610229492e+00
8.145767450332641602e-01
-1.078012585639953613e+00
4.083767533302307129e-02
2.711694240570068359e+00
4.781208992004394531e+00
8.668048381805419922e-01
1.310946464538574219e+00
-7.981534004211425781e-01
-4.027429819107055664e-01
-7.213399410247802734e-01
4.599608421325683594e+00
4.304713249206542969e+00
-6.286206841468811035e-01
1.098220348358154297e+00
-1.202038288116455078e+00
-1.154934525489807129e+00
-1.579872250556945801e+00
3.225315570831298828e+00
1.186076402664184570e+00
1.506934285163879395e+00
4.380754232406616211e-01
5.169062137603759766e+00
1.409451246261596680e+00
-2.270561605691909790e-01
-1.222708106040954590e+00
3.336508274078369141e+00
1.516519784927368164e+00
2.787008583545684814e-01
-1.173322677612304688e+00
-1.517816781997680664e-01
1.991913318634033203e+00
-2.221696078777313232e-02
-3.709616065025329590e-01
9.993353486061096191e-01
1.686546802520751953e+00
-4.519486427307128906e-02
-2.204988598823547363e-01
-1.063377857208251953e+00
9.622562527656555176e-01
-1.109137892723083496e+00
6.064483165740966797e+00
7.600355625152587891e+00
6.557137966156005859e+00
1.414058685302734375e+00
2.516804218292236328e+00
4.173134326934814453e+00
2.613156557083129883e+00
2.650824785232543945e+00
6.840410709381103516e+00
7.067395210266113281e+00
6.429261684417724609e+00
1.259474396705627441e+00
6.713207364082336426e-01
4.413314342498779297e+00
2.604293823242187500e+00
1.110315322875976562e+00
-8.528431057929992676e-01
9.852045774459838867e-01
8.467498421669006348e-01
1.459406614303588867e-01
4.208294153213500977e-01
-1.337863087654113770e+00
2.512204408645629883e+00
9.998494386672973633e-02
9.473684430122375488e-02
1.991404175758361816e+00
8.780730247497558594e+00
5.788063049316406250e+00
7.348270416259765625e+00
2.766138792037963867e+00
1.220660924911499023e+00
1.862283468246459961e+00
7.466186285018920898e-01
2.513661384582519531e-01
3.296981334686279297e+00
7.932193279266357422e+00
1.299406814575195312e+01
9.863254547119140625e+00
6.728593349456787109e+00
9.505344390869140625e+00
4.751734435558319092e-01
4.224588394165039062e+00
2.039483070373535156e+00
2.333679437637329102e+00
2.333068132400512695e+00
2.066512823104858398e+00
-6.618242263793945312e-01
5.710368156433105469e+00
1.007669353485107422e+01
1.477122783660888672e+00
2.197959184646606445e+00
3.883559226989746094e+00
4.188385486602783203e+00
4.765498638153076172e-01
6.006027460098266602e-01
1.757542610168457031e+00
1.527754545211791992e+00
9.062968254089355469e+00
2.979944229125976562e+00
2.183250427246093750e+00
1.907329082489013672e+00
5.908571243286132812e+00
9.193905591964721680e-01
1.587633967399597168e+00
-2.460432291030883789e+00
1.932708621025085449e+00
-8.717226982116699219e-02
1.501553297042846680e+00
-1.024025440216064453e+00
1.413434386253356934e+00
1.117588043212890625e+00
1.689193248748779297e-01
-3.032134175300598145e-01
-7.342948913574218750e-01
7.967180013656616211e-01
-4.042507410049438477e-01
-1.742748618125915527e-01
-5.721059441566467285e-01
-1.531600952148437500e+00
-1.359978199005126953e+00
-6.540614366531372070e-01
-8.579867482185363770e-01
-1.028239965438842773e+00
-2.386075496673583984e+00
9.219849109649658203e-01
-2.770539522171020508e-01
-3.772422552108764648e+00
-8.904768228530883789e-01
1.298221349716186523e+00
-5.087816715240478516e-01
-5.861868262290954590e-01
-3.816449642181396484e-01
1.351218819618225098e-01
-1.951945781707763672e+00
-1.779249548912048340e+00
1.029503583908081055e+00
-8.245309591293334961e-01
-2.574512243270874023e+00
-2.106622457504272461e+00
-1.968849301338195801e+00
-1.864761471748352051e+00
-1.163179516792297363e+00
-4.514804482460021973e-01
1.143296003341674805e+00
-6.503297686576843262e-01
9.687692523002624512e-01
5.665650367736816406e-01
-1.743601560592651367e-01
1.329576253890991211e+00
3.054692029953002930e+00
5.239727020263671875e+00
3.337107181549072266e+00
1.421774983406066895e+00
1.561734080314636230e+00
-7.281083464622497559e-01
1.296605467796325684e-01
2.139488220214843750e+00
-6.299989223480224609e-01
-1.359601736068725586e+00
1.728461742401123047e+00
-6.387122869491577148e-01
-2.054206371307373047e+00
-2.636010885238647461e+00
1.196875333786010742e+00
-1.910981535911560059e-01
-9.822819232940673828e-01
9.754059910774230957e-01
-2.050683259963989258e+00
-2.279336452484130859e+00
-3.353392601013183594e+00
-3.052772760391235352e+00
-1.453763127326965332e+00
-1.986537218093872070e+00
1.399867177009582520e+00
1.021528601646423340e+00
1.869171619415283203e+00
2.364307403564453125e+00
1.913136363029479980e+00
-2.980732440948486328e+00
4.160995960235595703e+00
7.895831465721130371e-01
1.072320699691772461e+00
-2.707008123397827148e+00
-2.355716466903686523e+00
-3.137183666229248047e+00
-1.752012610435485840e+00
1.594161987304687500e-02
-1.215113878250122070e+00
-2.219569444656372070e+00
-7.928122878074645996e-01
-1.151050567626953125e+00
6.581848263740539551e-01
-1.840326309204101562e+00
-2.591527700424194336e+00
-3.906411886215209961e+00
1.829988479614257812e+00
-1.435283780097961426e+00
-1.047375798225402832e+00
2.313312888145446777e-01
-2.159629344940185547e+00
-1.169921398162841797e+00
8.239399194717407227e-01
4.175740480422973633e-01
-3.358753204345703125e+00
-5.483263969421386719e+00
-3.799950778484344482e-01
-1.128575325012207031e+00
-3.614486157894134521e-01
-9.265400767326354980e-01
5.326360464096069336e-02
-1.171478271484375000e+00
-1.710134506225585938e+00
-1.940848112106323242e+00
-2.169380903244018555e+00
-1.242197751998901367e+00
-1.901396274566650391e+00
-5.557936429977416992e-02
-1.324046611785888672e+00
-3.433846473693847656e+00
-3.351640701293945312e-02
-5.405051708221435547e-01
-2.621202945709228516e+00
-1.323004245758056641e+00
3.143752574920654297e+00
-1.380796194076538086e+00
-2.808001518249511719e+00
-8.892748951911926270e-01
3.068371772766113281e+00
-2.719048500061035156e+00
-7.806502580642700195e-01
4.181809127330780029e-01
-1.165992379188537598e+00
-1.516593694686889648e+00
-1.115241646766662598e+00
-1.687071323394775391e+00
1.024847745895385742e+00
4.779906272888183594e-01
1.146724939346313477e+00
9.739546477794647217e-02
-1.009216427803039551e+00
8.853282332420349121e-01
-3.141473770141601562e+00
-3.951088190078735352e+00
8.037303686141967773e-01
1.168783903121948242e-01
2.328029632568359375e+00
1.766181111335754395e+00
1.302862167358398438e+00
-6.333293318748474121e-01
3.521570265293121338e-01
-2.556456089019775391e+00
-5.324397087097167969e-01
-1.678740531206130981e-01
1.948005318641662598e+00
-1.000344753265380859e+00
-8.738558888435363770e-01
-2.280660152435302734e+00
7.611606717109680176e-01
2.232674956321716309e-01
-7.312521338462829590e-01
7.913663983345031738e-03
-1.038889765739440918e+00
8.422964215278625488e-01
2.241588115692138672e+00
6.353207826614379883e-01
-2.881475687026977539e+00
5.769193172454833984e-01
-5.687030553817749023e-01
3.567338705062866211e+00
-2.244823932647705078e+00
2.306330800056457520e-01
3.636123239994049072e-02
-1.395617485046386719e+00
7.866543531417846680e-02
-2.068127393722534180e-01
8.891460299491882324e-01
-5.925049781799316406e-01
1.167308449745178223e+00
-5.434021949768066406e-01
-7.521934509277343750e-01
1.037957668304443359e+00
1.917189002037048340e+00
-1.147283673286437988e+00
-1.494397282600402832e+00
-2.024068355560302734e+00
-2.876916646957397461e+00
-3.228927850723266602e-01
2.788930177688598633e+00
3.425115346908569336e+00
-3.552289605140686035e-01
2.206222295761108398e+00
1.230946183204650879e+00
-1.868858695030212402e+00
-1.331516623497009277e+00
8.803350925445556641e-01
4.202506542205810547e-01
1.856415510177612305e+00
1.010029435157775879e+00
-2.560607910156250000e+00
2.425717711448669434e-01
-1.272983431816101074e+00
-1.619774699211120605e-01
1.448318481445312500e+00
8.972707986831665039e-01
-1.571455955505371094e+00
-1.453217744827270508e+00
1.391924142837524414e+00
9.141646623611450195e-01
-1.961754083633422852e+00
4.826930165290832520e-01
-4.871571362018585205e-01
-1.676354110240936279e-01
6.868864893913269043e-01
7.620186358690261841e-02
-4.392601251602172852e-01
-1.007784456014633179e-01
-2.309275388717651367e+00
1.571177482604980469e+00
-4.200023651123046875e+00
6.157355308532714844e-01
2.231071710586547852e+00
-1.295105218887329102e+00
1.253778696060180664e+00
1.571833252906799316e+00
-2.696386575698852539e-01
6.376829743385314941e-02
1.434740781784057617e+00
-2.476498842239379883e+00
-4.059941172599792480e-01
4.791405797004699707e-01
1.581323981285095215e+00
-1.746610879898071289e+00
-2.220142841339111328e+00
1.648296236991882324e+00
9.900229573249816895e-01
-1.958221673965454102e+00
-1.657743752002716064e-01
1.483005523681640625e+00
-3.464785814285278320e-01
1.803113341331481934e+00
1.104801297187805176e+00
-6.904616951942443848e-02
-2.232160329818725586e+00
-1.897034645080566406e+00
-1.482468962669372559e+00
-1.062048196792602539e+00
1.694234490394592285e+00
-5.036313533782958984e-01
1.848272681236267090e+00
-2.042448520660400391e+00
3.865423202514648438e-01
-1.663934588432312012e+00
9.843351840972900391e-01
6.297209858894348145e-01
-1.436941146850585938e+00
4.429574012756347656e+00
-7.009434103965759277e-01
1.709640026092529297e+00
-2.012865066528320312e+00
3.927840590476989746e-01
4.913447499275207520e-01
7.804909944534301758e-01
1.025155186653137207e+00
1.861615419387817383e+00
9.170343875885009766e-01
-5.104119300842285156e+00
-9.547346830368041992e-01
-1.322606801986694336e+00
-1.916478872299194336e+00
9.515264034271240234e-01
2.855741262435913086e+00
-7.791733741760253906e-01
5.531573295593261719e-01
-1.669657349586486816e+00
9.140717983245849609e-01
1.618486344814300537e-01
-3.423069417476654053e-02
3.535947203636169434e-01
4.090131521224975586e-01
-1.530457496643066406e+00
1.098713576793670654e-01
-7.550579309463500977e-01
2.165044099092483521e-01
-2.777309417724609375e+00
-6.279283165931701660e-01
5.355609059333801270e-01
1.678118109703063965e-01
-2.457786560058593750e+00
-8.177987337112426758e-01
-3.029223918914794922e+00
2.611910820007324219e+00
9.667411446571350098e-02
1.342217326164245605e+00
-2.350878953933715820e+00
-2.144632339477539062e+00
4.050302505493164062e-01
3.001019954681396484e-01
8.576403260231018066e-01
7.242988348007202148e-01
-2.118246078491210938e+00
-7.568253278732299805e-01
-1.697444558143615723e+00
9.536147117614746094e-03
1.877599954605102539e+00
-2.193885803222656250e+00
-7.050816714763641357e-02
-6.269090175628662109e-01
1.807438492774963379e+00
1.800011694431304932e-01
-3.179304003715515137e-01
-1.491569042205810547e+00
-1.176913082599639893e-01
5.038920640945434570e-01
-2.331564188003540039e+00
1.526557922363281250e+00
-1.806054592132568359e+00
-9.039223194122314453e-01
-2.783646583557128906e+00
5.018775463104248047e-01
4.037835001945495605e-01
-1.796798110008239746e+00
-9.648088812828063965e-01
-3.771666288375854492e-01
-8.854643106460571289e-01
3.495232105255126953e+00
2.008197784423828125e+00
1.898490786552429199e-01
-1.700083851814270020e+00
-1.122778892517089844e+00
1.126751422882080078e+00
-2.360295534133911133e+00
-5.105417370796203613e-01
-5.271660089492797852e-01
-1.881105899810791016e-01
-8.869819045066833496e-01
-8.837863802909851074e-01
7.524585127830505371e-01
7.594394683837890625e-01
-6.370998024940490723e-01
6.078375577926635742e-01
4.733214378356933594e-01
7.885158061981201172e-01
-6.700477600097656250e-01
-1.283092498779296875e-01
3.153825998306274414e-01
-1.232056379318237305e+00
7.427528500556945801e-02
1.972321748733520508e+00
4.718201756477355957e-01
4.136610507965087891e+00
1.415992021560668945e+00
-9.745017290115356445e-01
-2.088405132293701172e+00
9.305918216705322266e-01
-6.609230637550354004e-01
1.482371568679809570e+00
1.065512895584106445e-01
5.348677635192871094e-01
-9.209514856338500977e-01
7.502427101135253906e-01
-1.073642492294311523e+00
4.462122321128845215e-01
1.145586967468261719e+00
-2.175241470336914062e+00
8.570603132247924805e-01
1.518379211425781250e+00
-2.516935467720031738e-01
-2.272744894027709961e+00
-1.948720932006835938e+00
-4.082702696323394775e-01
-6.312029957771301270e-01
2.734718799591064453e+00
-2.405604839324951172e+00
3.830606341361999512e-01
-1.095112681388854980e+00
2.987569808959960938e+00
1.960881799459457397e-01
2.898610830307006836e-01
-1.272541761398315430e+00
-9.428349733352661133e-01
2.059666633605957031e+00
-2.992011547088623047e+00
7.165235877037048340e-01
-1.106499075889587402e+00
8.519330620765686035e-01
-9.948890209197998047e-01
-3.336502909660339355e-01
1.171320438385009766e+00
-9.080517292022705078e-01
-3.722504675388336182e-01
-1.101022660732269287e-01
1.149916172027587891e+00
2.100903034210205078e+00
-1.820293903350830078e+00
2.459485769271850586e+00
2.611574530601501465e-02
-1.317923307418823242e+00
-5.862326622009277344e-01
3.118411302566528320e+00
-8.165332078933715820e-01
-1.835988521575927734e+00
-3.044941425323486328e-01
1.175232529640197754e+00
-4.832077026367187500e-01
-1.579954475164413452e-01
-1.083814620971679688e+00
1.629243493080139160e+00
-9.367176294326782227e-01
2.148824036121368408e-01
-1.677453756332397461e+00
2.674532651901245117e+00
4.035205543041229248e-01
-1.533664464950561523e-01
-7.627470493316650391e-01
-8.074708580970764160e-01
1.514770388603210449e-01
-9.949886798858642578e-01
5.330238938331604004e-01
2.265300273895263672e+00
-1.529941201210021973e+00
-2.545215129852294922e+00
1.167575359344482422e+00
-7.430137395858764648e-01
-4.618044853210449219e+00
-1.225518226623535156e+00
-2.644257545471191406e-01
6.396092176437377930e-01
1.913398504257202148e-01
3.709644675254821777e-01
2.809757709503173828e+00
7.211329936981201172e-01
-1.056301832199096680e+00
-1.929018795490264893e-01
-2.838566303253173828e+00
1.849446296691894531e+00
-1.987260818481445312e+00
-4.456219077110290527e-01
3.535069465637207031e+00
-3.929965198040008545e-02
9.996092319488525391e-02
2.964349269866943359e+00
1.045909762382507324e+00
-2.618325471878051758e+00
3.341389000415802002e-01
-2.179519176483154297e+00
-1.070221185684204102e+00
1.595221400260925293e+00
2.129046618938446045e-01
4.372719526290893555e-01
7.977989315986633301e-01
-1.344096899032592773e+00
5.553208291530609131e-02
-3.702939987182617188e+00
7.544851303100585938e-02
-4.747320115566253662e-01
-7.013621926307678223e-01
1.434989809989929199e+00
-1.735915660858154297e+00
-1.586151957511901855e+00
-6.775900125503540039e-01
9.372355937957763672e-01
-3.138830661773681641e+00
1.924938917160034180e+00
-1.821567654609680176e+00
-4.096626043319702148e-01
3.942936062812805176e-01
7.180891036987304688e-01
1.453437566757202148e+00
1.891639471054077148e+00
6.389014720916748047e-01
9.303994774818420410e-01
1.875893950462341309e+00
-5.902861058712005615e-02
-1.553328156471252441e+00
1.714272260665893555e+00
-1.994824647903442383e+00
4.580885171890258789e-01
-1.079455375671386719e+00
1.051950216293334961e+00
2.662308454513549805e+00
-1.322781205177307129e+00
-1.187240242958068848e+00
-6.150758266448974609e-01
2.160959720611572266e+00
-3.817068636417388916e-01
-4.115433692932128906e-01
3.589897155761718750e+00
1.571059584617614746e+00
-3.895051479339599609e-01
-7.190175354480743408e-02
2.422466725111007690e-01
2.198872327804565430e+00
-3.876985907554626465e-01
1.624585628509521484e+00
-1.434544801712036133e+00
3.585834503173828125e-01
5.038839578628540039e-02
-3.099072933197021484e+00
4.311849474906921387e-01
-5.587919950485229492e-01
1.632598042488098145e+00
5.439747571945190430e-01
4.035553932189941406e-01
2.708526253700256348e-01
8.755509853363037109e-01
1.665548801422119141e+00
3.994461894035339355e-01
1.220149278640747070e+00
-2.102494001388549805e+00
-1.468960791826248169e-01
1.417686223983764648e+00
-2.689961791038513184e-01
1.292424947023391724e-01
-8.402831554412841797e-01
-1.822408318519592285e+00
1.239903926849365234e+00
-1.107083320617675781e+00
-6.835123300552368164e-01
-1.436797976493835449e+00
-7.978884577751159668e-01
-4.932897686958312988e-01
-1.564752936363220215e+00
8.165515661239624023e-01
2.887482404708862305e+00
1.756370067596435547e-02
9.068532586097717285e-01
1.449107229709625244e-01
4.003891944885253906e-01
1.040154457092285156e+00
3.978276491165161133e+00
-2.196189165115356445e+00
-7.283949851989746094e-02
2.309904098510742188e+00
-1.894161343574523926e+00
4.348455369472503662e-01
-4.890425801277160645e-01
-5.695109963417053223e-01
-2.915332078933715820e+00
-2.094360113143920898e+00
-2.166262865066528320e+00
-3.181477785110473633e-01
-6.099638342857360840e-02
8.903834819793701172e-01
-1.295351266860961914e+00
1.416123867034912109e+00
2.208541870117187500e+00
8.752268552780151367e-01
-3.313008308410644531e+00
-1.686484813690185547e+00
2.108251810073852539e+00
-1.702096700668334961e+00
-2.666831016540527344e-01
-1.225552797317504883e+00
-1.621516495943069458e-01
4.425952136516571045e-01
1.071617484092712402e+00
3.103716850280761719e+00
-1.907490372657775879e+00
1.624703407287597656e-03
-5.818958282470703125e-01
1.513720452785491943e-01
-9.430305361747741699e-01
2.938329219818115234e+00
1.507180333137512207e+00
-1.571106761693954468e-01
-1.121593713760375977e+00
-3.663056492805480957e-01
1.539147377014160156e+00
-2.100368142127990723e-01
1.928481578826904297e+00
4.666275978088378906e+00
-7.626283764839172363e-01
-1.952288269996643066e+00
1.854543685913085938e-01
-1.517149329185485840e+00
-6.463932394981384277e-01
-1.839088916778564453e+00
-8.623546361923217773e-02
-1.204652309417724609e+00
1.287931680679321289e+00
-2.586161792278289795e-01
-2.294241428375244141e+00
-2.231301784515380859e+00
-1.105392694473266602e+00
-2.183689773082733154e-01
-6.360462903976440430e-01
8.564687967300415039e-01
1.674177646636962891e-01
1.080961108207702637e+00
1.351638793945312500e+00
-2.359674870967864990e-02
-2.223759174346923828e+00
-4.491655349731445312e+00
-1.458755016326904297e+00
3.049279928207397461e+00
-1.476911067962646484e+00
-7.410803437232971191e-02
1.975123763084411621e+00
-4.119394719600677490e-02
-1.166016697883605957e+00
8.377706408500671387e-01
6.900047063827514648e-01
-1.597776651382446289e+00
-1.031287670135498047e+00
-1.591375023126602173e-01
-3.197651863098144531e+00
-3.995782852172851562e+00
-2.362523555755615234e+00
-8.718863129615783691e-02
1.460660099983215332e+00
2.355839729309082031e+00
-1.798761367797851562e+00
-1.762695908546447754e-01
-2.586673021316528320e+00
-1.075232982635498047e+00
-5.129262804985046387e-03
1.034876227378845215e+00
1.077189326286315918e+00
7.915396094322204590e-01
2.729073166847229004e-01
2.752127885818481445e+00
-4.857173562049865723e-02
3.610128760337829590e-01
2.153301686048507690e-01
-2.127797126770019531e+00
3.409403264522552490e-01
-1.216150045394897461e+00
-6.690266728401184082e-01
3.077861666679382324e-01
1.303622841835021973e+00
2.630310058593750000e+00
-7.952847480773925781e-01
2.473281621932983398e-01
-5.981323719024658203e-01
-7.234504818916320801e-02
-1.813128590583801270e+00
-5.976781845092773438e-01
-1.050425052642822266e+00
-2.016257762908935547e+00
1.111839652061462402e+00
-1.884720563888549805e+00
-3.705549240112304688e-02
-2.411661744117736816e-01
-3.981934487819671631e-02
-5.193164944648742676e-01
2.697509229183197021e-01
-1.414869546890258789e+00
1.921406984329223633e+00
-9.007651805877685547e-01
-1.686171293258666992e+00
-1.310015678405761719e+00
-3.209006309509277344e+00
5.060452818870544434e-01
2.478665709495544434e-01
1.460960626602172852e+00
1.640652179718017578e+00
2.197285592555999756e-01
9.899204969406127930e-01
1.873960018157958984e+00
4.011654853820800781e-01
1.626302301883697510e-01
8.906388282775878906e-01
2.660154998302459717e-01
-4.929342269897460938e-01
1.900377571582794189e-01
-1.487562954425811768e-01
1.387429594993591309e+00
1.627074718475341797e+00
-4.505405426025390625e-01
3.322927355766296387e-01
4.310682415962219238e-01
5.674931406974792480e-01
5.721302032470703125e-01
-1.873312443494796753e-01
4.104593992233276367e-01
3.321199178695678711e+00
-1.377337217330932617e+00
1.527332425117492676e+00
-1.449370861053466797e+00
-8.863751888275146484e-01
-8.039416074752807617e-01
9.379215240478515625e-01
-2.856685161590576172e+00
-1.718447804450988770e+00
2.061781167984008789e+00
-1.861086010932922363e+00
2.610330820083618164e+00
8.482667803764343262e-01
-6.936071515083312988e-01
1.252204656600952148e+00
-1.495772123336791992e+00
-2.396050930023193359e+00
-9.406026601791381836e-01
2.494194507598876953e+00
-1.774994432926177979e-01
1.582394123077392578e+00
2.490599155426025391e-01
-1.365623831748962402e+00
-1.069448471069335938e+00
-2.056664705276489258e+00
-1.400424003601074219e+00
-1.440765380859375000e+00
-2.334445238113403320e+00
1.126256942749023438e+00
3.820103406906127930e-01
1.953758835792541504e+00
6.586694717407226562e-01
-1.314775198698043823e-01
9.295421838760375977e-02
2.759990841150283813e-02
-5.700312852859497070e-01
-3.798314571380615234e+00
-2.163970947265625000e+00
5.844485163688659668e-01
1.803412735462188721e-01
-1.950746893882751465e+00
6.582910418510437012e-01
1.325263679027557373e-01
